0 91748
1 6745
2 65005
3 9968
4 57187
5 23288
6 10399
7 64127
8 5983
9 9820
10 55738
11 1163
12 25920
13 7322
14 132158
15 83987
16 6919
17 114789
18 63898
19 51003
20 84069
21 11130
22 9477
23 8697
24 22832
25 25930
26 8774
27 55210
28 5604
29 10856
30 55367
31 5825
32 28977
33 4598
34 340390
35 7518
36 8813
37 51222
38 10238
39 648
40 81559
41 51069
42 51026
43 7325
44 56257
45 207
46 55147
47 116225
48 4836
49 10174
50 5018
51 23532
52 4739
53 55324
54 55284
55 54927
56 6045
57 3184
58 10459
59 84548
60 83640
61 7286
62 9412
63 23644
64 27124
65 5989
66 51002
67 84193
68 147687
69 4089
70 4342
71 51592
72 79696
73 550
74 51267
75 84062
76 51160
77 9063
78 11146
79 5691
80 254173
81 284058
82 11200
83 9442
84 64928
85 149628
86 2275
87 4093
88 4851
89 388677
90 55294
91 57596
92 54948
93 8214
94 10001
95 10667
96 10477
97 29843
98 6118
99 1656
100 80256
101 4914
102 26155
103 3326
104 9585
105 56916
106 29074
107 6835
108 55622
109 2885
110 11218
111 60491
112 28990
113 7004
114 1994
115 51495
116 2962
117 9045
118 81926
119 114822
120 8930
121 7321
122 8065
123 2302
124 1855
125 29086
126 10528
127 10524
128 3320
129 129868
130 5371
131 653404
132 688
133 51268
134 54534
135 84707
136 55859
137 7874
138 257218
139 892
140 51619
141 8349
142 7153
143 9183
144 114784
145 6742
146 7706
147 19
148 10212
149 5682
150 23144
151 6942
152 84294
153 10541
154 8440
155 28957
156 9262
157 101060200
158 5728
159 79165
160 3192
161 1466
162 11266
163 51253
164 54820
165 7633
166 114788
167 55297
168 53826
169 5830
170 5978
171 1460
172 6150
173 51586
174 23612
175 5429
176 59343
177 10573
178 50650
179 4690
180 10025
181 2669
182 29922
183 11051
184 3927
185 6621
186 23741
187 55285
188 1616
189 10623
190 55627
191 9656
192 79596
193 79711
194 55069
195 10190
196 55758
197 23385
198 2130
199 51265
200 5378
201 10985
202 6624
203 7328
204 134492
205 5286
206 23389
207 6464
208 6119
209 1738
210 84260
211 51129
212 115426
213 51493
214 5814
215 4904
216 1196
217 5501
218 348995
219 158787
220 5689
221 3646
222 348110
223 55215
224 65125
225 5481
226 7919
227 3068
228 23
229 5493
230 122704
231 56204
232 29079
233 84985
234 5347
235 10413
236 26610
237 51545
238 9246
239 10197
240 10952
241 4609
242 167691
243 114787
244 23244
245 6128
246 375056
247 5883
248 55905
249 7918
250 9107
251 55231
252 132789
253 3832
254 57606
255 4361
256 28992
257 51263
258 351
259 128308
260 3065
261 26121
262 23204
263 10363
264 3093
265 3608
266 51073
267 9236
268 22820
269 4205
270 64147
271 54739
272 84619
273 23214
274 1408
275 57646
276 4938
277 4967
278 6721
279 81603
280 221545
281 23753
282 112950
283 3486
284 11074
285 54997
286 489
287 81557
288 65008
289 91734
290 5355
291 246176
292 9533
293 7507
294 4602
295 84708
296 6836
297 54793
298 79025
299 80306
300 10969
301 57659
302 55293
303 51588
304 8934
305 6477
306 57616
307 10482
308 9529
309 65080
310 5469
311 10945
312 148581
313 9134
314 57520
315 10013
316 9099
317 114785
318 11345
319 5984
320 10799
321 7764
322 3725
323 5884
324 22954
325 57489
326 22976
327 9801
328 100287932
329 6134
330 81789
331 143884
332 64210
333 90678
334 81565
335 79839
336 9975
337 219541
338 10884
339 84221
340 9447
341 11276
342 8554
343 7347
344 64976
345 79590
346 5934
347 10474
348 128866
349 23534
350 3396
351 134111
352 51264
353 8717
354 55810
355 56963
356 54535
357 64975
358 5129
359 196441
360 23062
361 3914
362 7415
363 6137
364 9399
365 60682
366 11261
367 5727
368 400
369 114971
370 7936
371 287015
372 54540
373 9531
374 3611
375 4430
376 9929
377 7316
378 57674
379 55296
380 54921
381 7014
382 641
383 6747
384 7323
385 8892
386 79695
387 7984
388 2058
389 55633
390 54828
391 3178
392 83448
393 23451
394 22938
395 6626
396 140885
397 3091
398 64978
399 84313
400 5427
401 10494
402 4141
403 6117
404 253260
405 54478
406 5987
407 2176
408 9825
409 2735
410 26524
411 55290
412 55702
413 5980
414 64320
415 5335
416 57192
417 7570
418 7257
419 4779
420 29080
421 57559
422 285172
423 9759
424 91647
425 373
426 9276
427 2335
428 64110
429 8576
430 7324
431 51072
432 55605
433 8626
434 10868
435 154865
436 3146
437 998
438 988
439 9212
440 54187
441 4670
442 5162
443 10492
444 23184
445 8030
446 9961
447 5535
448 54955
449 26574
450 50628
451 58524
452 4176
453 5829
454 3315
455 573
456 5683
457 6427
458 25
459 23587
460 23005
461 51465
462 54461
463 28998
464 2289
465 65264
466 5885
467 55093
468 5709
469 5071
470 2625
471 5993
472 1977
473 57129
474 115106
475 84340
476 55898
477 8202
478 55850
479 9131
480 7157
481 5287
482 27303
483 54148
484 705
485 26270
486 58500
487 3836
488 9839
489 6314
490 28996
491 5595
492 54433
493 54726
494 23256
495 11009
496 51296
497 4281
498 65108
499 55795
