0 5993
1 1915
2 5830
3 8576
4 55297
5 23741
6 54534
7 4938
8 55738
9 64147
10 51069
11 79695
12 5814
13 7984
14 1653
15 221545
16 4176
17 10365
18 114971
19 988
20 60491
21 148581
22 9915
23 57646
24 51493
25 9533
26 9063
27 4093
28 149628
29 3608
30 55195
31 22954
32 55285
33 257218
34 6626
35 115817
36 51002
37 7919
38 6836
39 114822
40 114787
41 3315
42 23612
43 1660
44 54955
45 55284
46 23256
47 5682
48 8934
49 6835
50 5984
51 254173
52 158787
53 3326
54 4779
55 57192
56 57596
57 8030
58 84340
59 3396
60 331
61 5162
62 9412
63 54187
64 7014
65 55093
66 10075
67 705
68 55294
69 3146
70 5978
71 253260
72 114785
73 55293
74 5825
75 5347
76 10945
77 128866
78 9656
79 9688
80 55183
81 4110
82 3914
83 196441
84 3184
85 51267
86 84313
87 3832
88 28957
89 10363
90 6792
91 9276
92 9759
93 7874
94 91748
95 351
96 55905
97 3927
98 5429
99 57616
100 22938
101 79590
102 6477
103 8697
104 7347
105 4350
106 23435
107 4914
108 80256
109 64978
110 7286
111 10001
112 29843
113 57559
114 54148
115 648
116 23451
117 8717
118 6137
119 9968
120 84193
121 4602
122 166979
123 2314
124 375056
125 11146
126 83640
127 54726
128 6919
129 23534
130 5287
131 7325
132 1163
133 6272
134 84060
135 688
136 54921
137 25920
138 2885
139 9236
140 55290
141 5728
142 6047
143 79005
144 2058
145 54433
146 79839
147 6059
148 51072
149 51588
150 115106
151 134492
152 23587
153 78990
154 9183
155 10475
156 59343
157 79637
158 51586
159 7918
160 5885
161 4430
162 128308
163 4690
164 3836
165 4967
166 10025
167 19
168 2130
169 55758
170 63898
171 56888
172 51121
173 65008
174 8202
175 10528
176 23005
177 285679
178 23644
179 10573
180 5727
181 55850
182 64127
183 22864
184 84221
185 547
186 6453
187 400
188 7322
189 51263
190 5481
191 64928
192 7321
193 23532
194 114788
195 4670
196 29922
197 285172
198 6150
199 573
200 9212
201 55898
202 57187
203 79657
204 8065
205 5709
206 2959
207 125058
208 1616
209 3486
210 23062
211 56257
212 55702
213 79596
214 7257
215 8891
216 51264
217 28992
218 6045
219 50628
220 132158
221 83987
222 11074
223 65080
224 7114
225 10482
226 51160
227 5829
228 9131
229 23499
230 5987
231 10541
232 64976
233 3093
234 22820
235 9246
236 81559
237 5593
238 51073
239 489
240 51003
241 7706
242 4609
243 11261
244 11009
245 9961
246 4665
247 58500
248 5985
249 653404
250 5983
251 54535
252 2669
253 221937
254 2176
255 7936
256 56916
257 10013
258 3192
259 7570
260 116225
261 5427
262 5355
263 51495
264 167691
265 9682
266 10985
267 26574
268 4739
269 6464
270 3065
271 91734
272 56963
273 9399
274 23204
275 641
276 54540
277 28996
278 55367
279 10952
280 8349
281 57489
282 10238
283 84069
284 54461
285 5859
286 10980
287 57659
288 3014
289 9045
290 4342
291 9531
292 4851
293 7324
294 1408
295 23288
296 207
297 26121
298 55810
299 25930
300 2289
301 9442
302 28977
303 3646
304 23184
305 4361
306 28998
307 79696
308 58524
309 124995
310 1855
311 1196
312 23214
313 2287
314 54739
315 1786
316 25844
317 55210
318 55795
319 6721
320 5884
321 8452
322 91647
323 6747
324 5286
325 55231
326 4598
327 8481
328 83448
329 10474
330 5683
331 22869
332 10190
333 57674
334 29074
335 23385
336 112950
337 8930
338 5980
339 10856
340 55633
341 81926
342 83897
343 8774
344 55324
345 152185
346 80212
347 5691
348 54948
349 10623
350 3068
351 8554
352 5989
353 8813
354 348995
355 4904
356 1977
357 7534
358 65264
359 79871
360 51637
361 11051
362 284058
363 7507
364 22832
365 11276
366 4281
367 1017
368 54828
369 26270
370 388677
371 550
372 11266
373 6119
374 2886
375 115426
376 57484
377 114789
378 3178
379 5018
380 7323
381 79025
382 57129
383 10477
384 7764
385 6386
386 22976
387 9447
388 10643
389 10492
390 6118
391 55622
392 8626
393 1994
394 137209
395 29086
396 6117
397 7328
398 10459
399 132789
400 29080
401 348110
402 6128
403 90678
404 5934
405 55614
406 7316
407 27292
408 54793
409 29127
410 9529
411 2625
412 54997
413 10524
414 287015
415 9975
416 57532
417 51222
418 51296
419 147687
420 79711
421 55605
422 6134
423 55147
424 84707
425 5604
426 26505
427 23244
428 219541
429 10969
430 7153
431 84106
432 29079
433 7412
434 23144
435 79165
436 1738
437 64975
438 4141
439 64210
440 9099
441 65108
442 5595
443 6427
444 65005
445 122704
446 6745
447 2735
448 54927
449 143884
450 154865
451 100287932
452 84619
453 114784
454 23753
455 3091
456 9801
457 51592
458 3607
459 134111
460 25
461 51253
462 54903
463 8878
464 10884
465 55215
466 2962
467 10799
468 10667
469 51619
470 595
471 23
472 60682
473 8328
474 892
475 55859
476 9820
477 4205
478 373
479 50650
480 5335
481 4836
482 5883
483 6742
484 51268
485 9134
486 8892
487 84294
488 5469
489 55347
490 8440
491 1460
492 11218
493 5689
494 58477
495 10868
496 6942
497 84062
498 65125
499 7415
