273
459
140
101
484
19
398
82
203
349
382
412
129
86
487
94
437
49
44
479
89
205
434
29
217
495
275
370
249
152
397
292
237
278
331
345
266
226
25
453
346
40
404
52
415
126
150
100
34
179
57
104
103
490
328
65
438
353
200
245
299
318
279
359
401
84
289
385
471
33
467
88
174
460
131
162
232
482
298
14
319
136
416
224
91
448
293
92
187
447
195
257
367
297
361
414
472
149
160
493
313
141
458
31
417
355
219
97
250
430
120
206
376
477
1
247
42
225
135
321
383
165
343
301
70
119
10
473
402
158
202
178
443
244
478
87
260
269
163
344
391
371
46
411
215
330
164
494
492
175
115
352
306
182
499
68
314
392
56
20
130
334
419
327
481
368
229
351
354
362
171
9
21
463
291
45
79
59
277
110
207
216
265
90
296
316
177
102
72
475
332
214
189
389
196
221
27
193
439
176
213
242
486
99
267
420
270
373
468
13
380
379
444
146
329
410
264
41
325
112
308
263
241
153
498
290
387
35
456
137
81
209
4
470
55
161
66
302
317
428
125
496
58
210
408
117
342
197
230
233
442
18
6
194
386
337
341
132
348
435
28
95
123
134
181
0
489
36
30
50
295
113
156
218
7
294
2
450
61
169
145
375
305
157
143
109
377
476
74
446
47
188
396
469
491
259
272
255
199
192
394
240
116
464
114
63
285
3
465
133
191
93
418
111
167
204
124
421
303
98
51
322
378
282
497
340
461
22
452
75
128
251
39
159
208
261
62
309
488
271
431
73
180
393
366
365
381
252
222
190
228
183
307
234
280
374
170
236
403
26
17
388
405
96
184
300
457
440
11
238
356
246
474
409
48
201
395
422
85
185
454
312
80
168
138
262
274
69
360
466
227
436
16
441
148
122
406
304
432
12
121
288
268
24
54
335
5
336
357
284
372
248
211
155
118
287
426
338
364
315
53
320
23
413
339
256
142
445
407
107
223
310
108
144
106
433
253
166
198
358
384
239
78
333
243
67
172
425
350
139
283
212
424
64
15
71
43
77
323
254
326
462
400
286
311
220
76
480
324
423
369
449
8
347
429
258
276
427
38
231
455
186
281
451
390
127
60
483
485
154
173
37
147
105
399
235
32
363
83
151
