0	852556
1	852555
2	852553
3	852659
4	852129
5	851886
6	852089
7	855303
8	856784
9	855951
10	852080
11	856726
12	852082
13	852084
14	851882
15	854989
16	854984
17	854985
18	854982
19	854983
20	854697
21	854869
22	855298
23	852016
24	852014
25	854866
26	852881
27	853632
28	852885
29	852334
30	852889
31	852888
32	853202
33	851889
34	852728
35	852239
36	854929
37	852722
38	852724
39	852234
40	852235
41	855744
42	856030
43	855585
44	855584
45	855428
46	855429
47	854910
48	854912
49	853335
50	855420
51	855426
52	854918
53	853333
54	853114
55	853441
56	853447
57	854310
58	854315
59	853684
60	854227
61	852344
62	853687
63	852830
64	853681
65	852340
66	852428
67	853455
68	852425
69	852424
70	852423
71	852083
72	853523
73	856104
74	856105
75	856106
76	856100
77	856103
78	850539
79	855892
80	855737
81	855639
82	854748
83	855739
84	854166
85	854161
86	854162
87	853060
88	853748
89	853062
90	855663
91	851389
92	854369
93	853741
94	854361
95	850889
96	850888
97	850882
98	855471
99	854489
100	856214
101	856216
102	856217
103	856218
104	854480
105	856355
106	854485
107	854263
108	850864
109	850909
110	850860
111	850863
112	851840
113	850900
114	850907
115	850904
116	851847
117	854465
118	854509
119	851579
120	855993
121	852982
122	853513
123	852013
124	855263
125	855965
126	855964
127	855960
128	855844
129	855845
130	855841
131	855843
132	850344
133	855190
134	851168
135	855194
136	856925
137	851163
138	851162
139	851161
140	850934
141	850348
142	850349
143	850413
144	854213
145	854210
146	853928
147	852886
148	854282
149	851761
150	851762
151	854188
152	854119
153	853713
154	851931
155	851934
156	851937
157	850589
158	852337
159	851503
160	850585
161	851112
162	851111
163	851699
164	850741
165	853996
166	853997
167	850744
168	853993
169	855101
170	850749
171	853857
172	855102
173	853851
174	851694
175	853853
176	851696
177	851592
178	851591
179	851988
180	851984
181	851983
182	856422
183	856859
184	851431
185	851430
186	851344
187	856852
188	856853
189	856530
190	855037
191	851029
192	851181
193	851180
194	851022
195	855039
196	853219
197	851379
198	853528
199	851336
200	856306
201	851335
202	851332
203	856453
204	856519
205	856518
206	855357
207	852726
208	852522
209	852649
210	852643
211	852529
212	856920
213	852646
214	856738
215	856731
216	856737
217	854999
218	854997
219	855500
220	854993
221	852001
222	852003
223	852006
224	856801
225	852732
226	853359
227	853357
228	853355
229	853600
230	856027
231	856026
232	856024
233	852184
234	856022
235	853527
236	856020
237	852188
238	856186
239	856029
240	856183
241	856749
242	856746
243	856742
244	856743
245	856740
246	855439
247	851624
248	855586
249	854925
250	854926
251	854928
252	855430
253	853327
254	855436
255	853450
256	853100
257	853107
258	853456
259	853109
260	854673
261	852822
262	852458
263	856419
264	852352
265	856360
266	853512
267	852983
268	852984
269	852457
270	852987
271	855132
272	856115
273	854231
274	856290
275	856291
276	856119
277	856294
278	856295
279	855427
280	855727
281	855726
282	855642
283	855643
284	855640
285	853191
286	853192
287	853442
288	854179
289	854076
290	854077
291	854079
292	853177
293	853174
294	853077
295	853075
296	853072
297	853178
298	856364
299	856367
300	852852
301	852853
302	852850
303	852918
304	853587
305	853585
306	852911
307	856167
308	854773
309	856163
310	856209
311	854776
312	854778
313	852547
314	856203
315	856168
316	856169
317	850919
318	850918
319	855828
320	856659
321	855826
322	855827
323	854290
324	855821
325	854519
326	854518
327	854453
328	855981
329	855983
330	855982
331	855985
332	852834
333	850980
334	850981
335	852835
336	854582
337	854583
338	854586
339	854584
340	853529
341	853181
342	855857
343	1466445
344	851611
345	855180
346	855182
347	851615
348	855184
349	853135
350	850359
351	853298
352	851758
353	854204
354	854203
355	851752
356	851753
357	853910
358	851755
359	851756
360	852284
361	853526
362	854191
363	852838
364	855288
365	851464
366	856040
367	851858
368	851691
369	851531
370	851532
371	851928
372	851925
373	851924
374	851922
375	851921
376	850326
377	850455
378	855820
379	850320
380	851104
381	850597
382	851101
383	850590
384	850593
385	851102
386	853868
387	850694
388	850693
389	853985
390	850691
391	850756
392	850755
393	853864
394	853867
395	851582
396	854874
397	851589
398	850540
399	852324
400	856595
401	856594
402	856593
403	856598
404	851400
405	856848
406	853548
407	851404
408	851407
409	851408
410	852896
411	856843
412	856847
413	850520
414	855002
415	850527
416	850528
417	851032
418	851035
419	850983
420	851485
421	855345
422	855228
423	855342
424	855224
425	855226
426	855227
427	855386
428	851325
429	851326
430	851320
431	853876
432	856562
433	856563
434	856561
435	856448
436	853555
437	855120
438	853896
439	852109
440	852532
441	852535
442	853871
443	852536
444	852100
445	852106
446	855592
447	851209
448	854843
449	855539
450	853071
451	854840
452	855530
453	855536
454	852039
455	852034
456	852035
457	852037
458	856297
459	852032
460	852742
461	852743
462	852740
463	853349
464	852747
465	852744
466	852748
467	853610
468	853340
469	852584
470	852585
471	852586
472	852580
473	856057
474	852582
475	852625
476	852624
477	850784
478	852194
479	856197
480	852191
481	856008
482	855404
483	856695
484	856696
485	851265
486	856751
487	856752
488	854834
489	851267
490	854832
491	854939
492	854937
493	854935
494	854933
495	854839
496	852996
497	853503
498	853500
499	853467
500	853461
501	853509
502	853463
503	852449
504	852362
505	853669
506	852369
507	852443
508	853301
509	852692
510	855710
511	855658
512	853260
513	853266
514	853720
515	855717
516	852395
517	855653
518	855652
519	855655
520	855654
521	854063
522	853167
523	852903
524	853161
525	853002
526	853003
527	854229
528	854691
529	854344
530	854345
531	854694
532	856371
533	852969
534	851759
535	852963
536	852966
537	852967
538	852964
539	854667
540	854664
541	854663
542	854749
543	853599
544	856179
545	854741
546	854742
547	854527
548	855838
549	850847
550	854284
551	855833
552	850840
553	853716
554	853714
555	853712
556	854118
557	854117
558	854444
559	853718
560	853719
561	850995
562	850994
563	850999
564	850998
565	854208
566	854021
567	856307
568	855903
569	856305
570	855907
571	855906
572	854598
573	856309
574	851745
575	851744
576	851743
577	856909
578	856904
579	852780
580	851627
581	856901
582	851623
583	854230
584	855881
585	853909
586	855883
587	854235
588	854283
589	855888
590	854303
591	850612
592	850613
593	850610
594	850611
595	856352
596	851005
597	854487
598	851823
599	851821
600	850920
601	851827
602	851824
603	850923
604	851521
605	851520
606	851002
607	851482
608	851483
609	851484
610	851957
611	853877
612	850442
613	853875
614	853090
615	850447
616	850445
617	855080
618	855081
619	855082
620	855083
621	851135
622	851136
623	850685
624	850728
625	850682
626	850722
627	850720
628	850727
629	853093
630	852512
631	851410
632	851842
633	856870
634	850868
635	851557
636	851554
637	851419
638	854806
639	851415
640	850905
641	851412
642	851559
643	855157
644	850434
645	855155
646	850430
647	855150
648	855017
649	850534
650	853095
651	854106
652	855332
653	855330
654	855331
655	855232
656	855231
657	855230
658	851310
659	856474
660	856476
661	856571
662	856570
663	856572
664	851255
665	851254
666	856577
667	851256
668	853227
669	853556
670	852199
671	852058
672	852059
673	852506
674	852500
675	852053
676	855628
677	853293
678	855488
679	855489
680	855520
681	855485
682	856610
683	850454
684	853821
685	855135
686	854681
687	854627
688	855245
689	855243
690	856134
691	855648
692	856136
693	851466
694	852025
695	850598
696	852203
697	852750
698	852753
699	852754
700	852205
701	854150
702	853371
703	853373
704	853374
705	853376
706	852618
707	852258
708	852591
709	856042
710	852611
711	852614
712	852616
713	853452
714	856680
715	856687
716	855415
717	855414
718	856760
719	856689
720	855139
721	854825
722	854381
723	854826
724	854821
725	852111
726	854822
727	852294
728	852295
729	854940
730	850592
731	854946
732	854409
733	853573
734	853479
735	852477
736	853576
737	852472
738	853578
739	852479
740	852327
741	852277
742	852275
743	852379
744	853674
745	852373
746	852371
747	853986
748	855665
749	855661
750	853033
751	852688
752	852686
753	852685
754	856019
755	855668
756	855239
757	852681
758	852680
759	853273
760	853275
761	855463
762	855460
763	855706
764	855705
765	855468
766	855469
767	854354
768	854059
769	854351
770	854350
771	851100
772	854057
773	851169
774	853153
775	853155
776	853409
777	850826
778	854680
779	850750
780	853015
781	853017
782	853016
783	855339
784	856388
785	856387
786	856384
787	850343
788	856382
789	852974
790	852977
791	852976
792	853159
793	856141
794	854759
795	856143
796	856144
797	856146
798	856148
799	853089
800	856267
801	851160
802	854535
803	850832
804	850837
805	853701
806	853700
807	853702
808	854433
809	853422
810	854123
811	853709
812	854434
813	854435
814	850297
815	853490
816	853492
817	853499
818	853498
819	856317
820	856311
821	855939
822	851250
823	855934
824	855936
825	855930
826	852026
827	851768
828	851884
829	850947
830	856919
831	856918
832	851737
833	851734
834	850941
835	851632
836	856911
837	851636
838	851634
839	854544
840	854545
841	854543
842	854540
843	855898
844	850605
845	850601
846	854222
847	855891
848	851830
849	851833
850	850930
851	850935
852	854701
853	851839
854	850939
855	855788
856	856220
857	855097
858	851948
859	851125
860	851122
861	855090
862	851085
863	854710
864	851082
865	853806
866	853807
867	851648
868	851646
869	851647
870	853808
871	851645
872	853969
873	850732
874	853960
875	850737
876	856862
877	852955
878	856868
879	851545
880	851468
881	851462
882	851879
883	851460
884	851461
885	851549
886	851548
887	851396
888	855144
889	855143
890	850422
891	850543
892	855060
893	855061
894	855067
895	850544
896	853899
897	853898
898	851492
899	850792
900	853890
901	853892
902	853895
903	851701
904	851498
905	853855
906	850522
907	852501
908	851264
909	856817
910	851266
911	856547
912	851260
913	851261
914	851262
915	855328
916	851309
917	856466
918	856461
919	852081
920	852810
921	855522
922	852518
923	852049
924	852044
925	852047
926	852516
927	855499
928	855554
929	856603
930	856602
931	855491
932	856600
933	856607
934	855496
935	856604
936	855258
937	855392
938	855399
939	855253
940	855699
941	855616
942	852421
943	852607
944	852606
945	852766
946	852762
947	852763
948	855787
949	856776
950	856774
951	856078
952	855782
953	856076
954	856070
955	852560
956	852561
957	856674
958	856675
959	852283
960	854954
961	854956
962	853565
963	852465
964	853566
965	853568
966	852469
967	852468
968	852265
969	853649
970	852260
971	852263
972	853393
973	853392
974	853641
975	855241
976	853644
977	851114
978	853646
979	853647
980	852180
981	855676
982	855675
983	852269
984	853397
985	855475
986	855477
987	853364
988	853248
989	853249
990	855473
991	855773
992	855771
993	855774
994	854322
995	854321
996	854739
997	854738
998	854735
999	854734
1000	854328
1001	854329
1002	853781
1003	853029
1004	853782
1005	852416
1006	855121
1007	852415
1008	853418
1009	852410
1010	852411
1011	853147
1012	853146
1013	853416
1014	853900
1015	852419
1016	852786
1017	856250
1018	856252
1019	856394
1020	852865
1021	852864
1022	856390
1023	856393
1024	852860
1025	854601
1026	854600
1027	856094
1028	855605
1029	855602
1030	856159
1031	856091
1032	853098
1033	856154
1034	850688
1035	855609
1036	853856
1037	855956
1038	850820
1039	855954
1040	855950
1041	855104
1042	854428
1043	854786
1044	853737
1045	854423
1046	854032
1047	854424
1048	854427
1049	852206
1050	854026
1051	852757
1052	854388
1053	856320
1054	856321
1055	855929
1056	855928
1057	854791
1058	855922
1059	855920
1060	853168
1061	855925
1062	851892
1063	851723
1064	851897
1065	851895
1066	851726
1067	850383
1068	850384
1069	850638
1070	850639
1071	854551
1072	854550
1073	854252
1074	854257
1075	852592
1076	850656
1077	853369
1078	854392
1079	851807
1080	855819
1081	851153
1082	851099
1083	851098
1084	851159
1085	851097
1086	851095
1087	851247
1088	853811
1089	851797
1090	851659
1091	853814
1092	850702
1093	850318
1094	850313
1095	851653
1096	853788
1097	853958
1098	856130
1099	851562
1100	854042
1101	854555
1102	854731
1103	856895
1104	856892
1105	856890
1106	856891
1107	851478
1108	851572
1109	855410
1110	851575
1111	851576
1112	851471
1113	851470
1114	851475
1115	851477
1116	851476
1117	850559
1118	855173
1119	855174
1120	855177
1121	850419
1122	855073
1123	850552
1124	850554
1125	855077
1126	855076
1127	851975
1128	852947
1129	851347
1130	852530
1131	856805
1132	856552
1133	851271
1134	855318
1135	856800
1136	856803
1137	855310
1138	855312
1139	851074
1140	851378
1141	851076
1142	851071
1143	854827
1144	856415
1145	851714
1146	854949
1147	852071
1148	852073
1149	851028
1150	1500489
1151	855543
1152	855544
1153	855549
1154	854898
1155	851203
1156	851200
1157	854893
1158	855264
1159	855265
1160	855267
1161	852673
1162	852778
1163	852675
1164	852773
1165	856479
1166	852775
1167	852862
1168	856069
1169	851450
1170	852788
1171	856062
1172	856061
1173	856060
1174	852571
1175	856065
1176	856484
1177	854964
1178	856096
1179	854966
1180	854960
1181	856097
1182	856660
1183	852171
1184	852177
1185	854605
1186	853653
1187	853650
1188	852497
1189	852494
1190	853557
1191	852492
1192	853551
1193	853552
1194	853221
1195	852319
1196	853388
1197	852254
1198	852255
1199	852256
1200	856156
1201	853381
1202	853382
1203	853385
1204	852703
1205	852701
1206	852276
1207	855689
1208	855687
1209	850347
1210	856015
1211	855051
1212	855680
1213	856011
1214	856799
1215	852383
1216	853317
1217	855448
1218	853250
1219	853256
1220	853255
1221	856481
1222	854330
1223	853030
1224	853036
1225	853035
1226	854700
1227	854338
1228	854702
1229	855054
1230	853428
1231	853429
1232	852406
1233	855897
1234	852402
1235	853421
1236	853130
1237	853423
1238	853521
1239	852794
1240	852819
1241	852790
1242	852793
1243	853091
1244	856249
1245	852811
1246	852814
1247	856085
1248	856129
1249	856083
1250	856089
1251	856088
1252	854149
1253	854418
1254	855118
1255	854385
1256	854386
1257	854387
1258	854029
1259	854028
1260	854382
1261	853041
1262	854795
1263	854794
1264	853723
1265	854020
1266	854023
1267	854790
1268	851810
1269	852922
1270	852920
1271	852921
1272	853849
1273	856236
1274	856237
1275	852684
1276	850623
1277	851719
1278	850968
1279	850969
1280	851716
1281	854039
1282	855114
1283	851456
1284	854242
1285	854034
1286	854092
1287	850810
1288	851813
1289	851811
1290	855869
1291	850818
1292	853347
1293	851814
1294	851140
1295	851143
1296	853346
1297	856457
1298	851782
1299	851781
1300	856455
1301	850716
1302	851785
1303	851784
1304	853824
1305	853825
1306	851788
1307	850495
1308	851666
1309	856052
1310	850712
1311	856050
1312	850397
1313	855701
1314	855700
1315	850399
1316	853942
1317	851916
1318	851445
1319	856490
1320	851447
1321	856889
1322	856888
1323	856498
1324	856499
1325	851919
1326	855044
1327	850567
1328	855040
1329	855041
1330	850562
1331	855043
1332	851567
1333	856459
1334	856058
1335	851561
1336	851560
1337	850764
1338	856059
1339	850409
1340	852879
1341	855166
1342	850401
1343	850367
1344	851962
1345	851967
1346	856195
1347	851964
1348	854725
1349	856830
1350	851286
1351	856839
1352	851284
1353	855305
1354	851040
1355	851041
1356	851045
1357	856435
1358	856401
1359	856403
1360	856404
1361	851366
1362	854468
1363	852453
1364	851421
1365	855277
1366	855276
1367	851453
1368	854882
1369	855271
1370	855270
1371	855575
1372	855571
1373	854889
1374	851873
1375	851217
1376	851210
1377	851212
1378	856544
1379	852660
1380	852640
1381	852665
1382	852664
1383	852451
1384	852666
1385	855882
1386	852099
1387	856715
1388	856716
1389	852091
1390	852096
1391	852095
1392	854972
1393	856650
1394	854979
1395	851191
1396	856654
1397	856655
1398	856656
1399	856657
1400	854878
1401	854879
1402	852061
1403	852060
1404	854872
1405	855283
1406	855281
1407	852973
1408	852142
1409	854875
1410	852892
1411	852891
1412	852489
1413	852975
1414	852487
1415	852486
1416	852329
1417	853544
1418	854138
1419	852245
1420	852243
1421	852242
1422	851441
1423	855756
1424	855757
1425	856009
1426	855751
1427	852990
1428	855691
1429	855690
1430	856002
1431	855596
1432	855597
1433	854904
1434	852392
1435	854902
1436	852394
1437	855459
1438	852399
1439	852398
1440	855599
1441	854309
1442	854658
1443	854300
1444	854653
1445	853439
1446	853438
1447	853129
1448	853128
1449	853283
1450	853462
1451	853538
1452	853287
1453	853120
1454	853531
1455	852805
1456	852804
1457	855620
1458	855621
1459	855624
1460	855626
1461	856131
1462	854622
1463	856135
1464	855507
1465	850561
1466	855979
1467	854153
1468	854407
1469	854157
1470	854158
1471	855972
1472	855974
1473	855977
1474	854019
1475	850839
1476	853051
1477	852440
1478	853752
1479	854399
1480	853751
1481	854016
1482	854017
1483	850897
1484	852939
1485	852938
1486	855049
1487	854715
1488	856226
1489	854499
1490	856223
1491	856222
1492	854495
1493	854497
1494	850650
1495	854277
1496	854270
1497	850654
1498	854273
1499	850977
1500	851874
1501	850658
1502	850974
1503	1466511
1504	850795
1505	850879
1506	854475
1507	854472
1508	854470
1509	854479
1510	850760
1511	854087
1512	854086
1513	854085
1514	854082
1515	855873
1516	850807
1517	850806
1518	854769
1519	850808
1520	852088
1521	851671
1522	853933
1523	853931
1524	853936
1525	851776
1526	853939
1527	851771
1528	853262
1529	852730
1530	853010
1531	853605
1532	851905
1533	856483
1534	851906
1535	856485
1536	853264
1537	851903
1538	856486
1539	851459
1540	851458
1541	851222
1542	851518
1543	851223
1544	853305
1545	851513
1546	855059
1547	852873
1548	855302
1549	851515
1550	850775
1551	850774
1552	850777
1553	855119
1554	851733
1555	852228
1556	853846
1557	851683
1558	851680
1559	855116
1560	853843
1561	853840
1562	851998
1563	851996
1564	856023
1565	851994
1566	851990
1567	852185
1568	853427
1569	850703
1570	851426
1571	851427
1572	851424
1573	856437
1574	851422
1575	856828
1576	856824
1577	856821
1578	850506
1579	851197
1580	850504
1581	855025
1582	850502
1583	851190
1584	851058
1585	851798
1586	851055
1587	851052
1588	850508
1589	850509
1590	851652
1591	856310
1592	851832
1593	856312
1594	855203
1595	855569
1596	855204
1597	855561
1598	855560
1599	851220
1600	856502
1601	853688
1602	851224
1603	851226
1604	856319
1605	855360
1606	855362
