1 2 0.4395684845580685
1 3 0.6779841846304929
1 5 0.5963041082198276
1 6 0.42144433205269194
1 9 0.08682450489233928
1 10 0.3612477931498397
1 15 0.6345113521213269
1 18 0.6053706546524903
1 19 0.807768827060785
1 21 0.21342526192527778
1 25 0.4403989165681932
1 28 0.43708885415051946
1 29 0.4474311984860413
1 32 0.13180705171381168
1 33 0.2224708440606471
1 34 0.5412962565273486
1 35 0.27060705618064207
1 37 0.9631027148876233
1 39 0.10903759605761432
1 45 0.19746055138268936
1 46 0.9926831969233058
1 53 0.5170636006129286
1 56 0.9580366278472732
1 58 0.22403314006752206
1 63 0.24316239270348639
1 64 0.21264392544946353
1 65 0.7919398186006227
1 71 0.37846085289999265
1 75 0.9185229642705827
1 76 0.011234644836771168
1 77 0.49435222829507497
1 78 0.7776585474768649
1 83 0.4984004295811104
1 90 0.8999357566531179
1 98 0.2860314397208098
2 5 0.539242529654106
2 9 0.09182782832355085
2 17 0.15378846814712488
2 19 0.49719090748668304
2 30 0.9722269546969939
2 37 0.16784453908890906
2 41 0.7986339128577165
2 43 0.2302572784189304
2 49 0.14492355644822963
2 63 0.14746172336694474
2 67 0.8852859399238657
2 73 0.6202025576347935
2 74 0.0006372736655280153
2 77 0.5702058313111843
2 84 0.7863565583885174
2 88 0.8722347561707761
2 89 0.4617264161886009
2 95 0.7331740907088907
2 99 0.20241465493652155
2 100 0.7295271051051802
3 5 0.6770276329870184
3 7 0.6372909302829838
3 9 0.14703434961664597
3 10 0.14869094218532986
3 11 0.6267720457006369
3 12 0.6182676677060908
3 16 0.06270136872973608
3 17 0.8350609864653867
3 18 0.9427284921742892
3 21 0.18205313225073427
3 22 0.6897728603889228
3 24 0.4996161283036952
3 25 0.1810978291649895
3 26 0.21871586558568346
3 28 0.7739316156708362
3 29 0.699830620961031
3 30 0.1501383628200077
3 31 0.4865335780860518
3 32 0.8552328421473612
3 33 0.7169841919021706
3 37 0.14178632356801946
3 38 0.12318618828268935
3 39 0.49948536297757207
3 41 0.7940481572173806
3 43 0.5657153378987483
3 45 0.32737742109564194
3 46 0.5602003558146138
3 49 0.5169472722597094
3 50 0.6041166225580954
3 52 0.9185012017567883
3 53 0.25492735839294134
3 54 0.7025328489948766
3 56 0.8869164640182349
3 57 0.6515865988356211
3 61 0.5809475641744782
3 64 0.6779593887259046
3 65 0.38052402590585743
3 68 0.7764324686249895
3 69 0.9180156274088472
3 70 0.9460565788572883
3 72 0.5702159850586469
3 73 0.4712682109266345
3 74 0.8688000927079654
3 76 0.6426664775516658
3 77 0.21924402904255758
3 78 0.6326797542690078
3 82 0.9399602607946498
3 84 0.19389474844614873
3 85 0.5877973688439054
3 86 0.8762900383206725
3 87 0.5487184995169171
3 88 0.9542102261574043
3 89 0.2290477703467908
3 90 0.7774719400173425
3 91 0.9746306937212124
3 92 0.919692145612841
3 94 0.6843773595145589
3 96 0.5966732885630991
3 97 0.5081869984717967
3 98 0.17406468198334746
3 100 0.689329967456957
4 5 0.5439175665147102
4 12 0.13547670985486848
4 14 0.6058328466658326
4 21 0.4467402994876609
4 29 0.27633134152423855
4 34 0.6182223527023385
4 38 0.3769834807287019
4 41 0.8064310486964585
4 42 0.4078153824071816
4 43 0.835709813673319
4 46 0.3253372454220139
4 48 0.26238083509233134
4 53 0.43392393476368885
4 55 0.7810816273680138
4 57 0.5033980711397665
4 58 0.9070017490409569
4 60 0.7560812661580409
4 67 0.0491526855183001
4 85 0.11521944429436459
4 90 0.6301652638793621
5 8 0.145859330370245
5 9 0.06265108924092666
5 10 0.8813892604139529
5 12 0.4719244223836849
5 14 0.5788411045652038
5 17 0.8325096860588256
5 18 0.24524893344269805
5 21 0.7973029611690623
5 24 0.9930088402301164
5 30 0.3759548499784724
5 31 0.47003016992256685
5 32 0.437153989176133
5 34 0.22846867172658503
5 35 0.03088431355420984
5 37 0.45218100536533745
5 41 0.864282596982149
5 42 0.057177809254124745
5 44 0.3794389365610463
5 46 0.3836938536576401
5 48 0.44153205804717366
5 50 0.11396942214109951
5 52 0.9859045270250334
5 55 0.18629972828553165
5 58 0.8607401484269563
5 60 0.6570171867458766
5 61 0.31626284001071325
5 62 0.2202540638479663
5 65 0.19408924274172656
5 69 0.5029920092422364
5 70 0.5220283322525323
5 71 0.4016271958635268
5 74 0.2875595203590243
5 75 0.728715553073052
5 76 0.4000517479999268
5 77 0.3296650875511252
5 80 0.7460963678087276
5 83 0.986079658355396
5 84 0.8079247348890434
5 85 0.501879813111692
5 88 0.4430640613421406
5 89 0.5026708056552095
5 90 0.509457879296179
5 92 0.3238580014225343
5 94 0.3248950182379814
5 95 0.6275333717659092
6 9 0.7276654594420983
6 27 0.5705928562573384
6 28 0.7876958785907529
6 34 0.9628928640235503
6 44 0.18480157284031307
6 45 0.7336117183893368
6 52 0.2886039744872848
6 54 0.3521755774679797
6 58 0.8376663927626856
6 61 0.8580977601496231
6 63 0.17482789694049028
6 65 0.48763076531205285
6 71 0.33734236327236033
6 74 0.33664685787417004
6 75 0.5433820159522168
6 80 0.9195946489708283
6 88 0.40514205284552496
6 95 0.42938429584858717
6 98 0.25869378579636715
6 99 0.06059914560748547
7 18 0.2031085261803185
7 25 0.3584092921086479
7 28 0.6498431290077409
7 30 0.3790276575123026
7 34 0.23056477948509568
7 35 0.18937637440468535
7 40 0.21808554207103292
7 41 0.3910529757986485
7 48 0.8970192315960506
7 52 0.7598250640275428
7 59 0.19100556668473245
7 65 0.43450867055458753
7 72 0.025080445628499537
7 74 0.5399948730265978
7 75 0.7202793693200878
7 76 0.1149653131061964
7 80 0.8143506377649556
7 81 0.7765130269993941
7 84 0.23723287899336143
7 85 0.19279635908903925
8 9 0.0845367111023726
8 11 0.43174147995891454
8 13 0.04008943753643812
8 16 0.6607051268472807
8 19 0.7571563532440662
8 21 0.4173152514317403
8 22 0.3626687140798407
8 24 0.3265452248160673
8 26 0.7064908061178569
8 30 0.4396753714178919
8 33 0.40364661286041603
8 38 0.8231421092701166
8 39 0.5261100296394436
8 40 0.049372725740035706
8 41 0.08134759221938048
8 42 0.9375602827557402
8 45 0.42076555487784284
8 47 0.2744310302202435
8 49 0.2981251279209085
8 51 0.24339399628043568
8 52 0.9471612705517086
8 59 0.31928323255398194
8 61 0.4300056387463195
8 63 0.36566417996088796
8 65 0.7338086174146985
8 69 0.7256604840188057
8 72 0.6108435008802355
8 73 0.8328402062715239
8 78 0.27016375708800866
8 80 0.7742553368517854
8 83 0.21986587054054174
8 84 0.628414676907761
8 88 0.03994282868383048
8 89 0.7496164840149794
8 90 0.5058740780623303
8 93 0.43997311005311524
8 94 0.02399095952299579
8 96 0.8242836434302112
9 13 0.388362180495175
9 20 0.8144328084301858
9 24 0.5987976191622668
9 30 0.7226032387609426
9 34 0.5172523418381253
9 41 0.03442553924076941
9 43 0.3776002937263825
9 44 0.22498010480045927
9 45 0.44638910693082123
9 49 0.2808913784825162
9 52 0.2474518394151317
9 55 0.8237165570657532
9 59 0.2706735244449876
9 61 0.7799853090033645
9 62 0.4806506529907999
9 65 0.03566634036296468
9 67 0.7928243885431937
9 76 0.19038414227362277
9 79 0.19962318142377955
9 83 0.6415227535698937
9 84 0.6260303102981448
9 85 0.7063198114461545
9 89 0.8485122414954982
10 11 0.7123328848988972
10 13 0.306615072531758
10 15 0.4878733283617873
10 17 0.05431025696164238
10 21 0.22371407067780813
10 23 0.4304568087461126
10 24 0.5734649875750368
10 26 0.7360243354328694
10 27 0.9837021925874624
10 28 0.8598850774225589
10 30 0.7268486804462461
10 31 0.13264189422769457
10 32 0.6837034516109081
10 33 0.05417028692698367
10 34 0.3805916168117529
10 35 0.6441743942623961
10 36 0.37247121850367215
10 39 0.137670935836524
10 41 0.6590955205446399
10 42 0.6272391643664088
10 43 0.8722682982168781
10 44 0.02147150191017233
10 45 0.26617670157922524
10 46 0.9702044307826172
10 47 0.2716316514687367
10 48 0.2956159597386664
10 49 0.791490136259537
10 50 0.5901804958698986
10 51 0.06164546819622829
10 52 0.18500484281747265
10 55 0.05171623857958196
10 57 0.589131012365427
10 58 0.8385315557957621
10 59 0.16734809050154253
10 60 0.844995257156269
10 61 0.2846842489990127
10 62 0.8566794912978033
10 64 0.2148079650742356
10 65 0.6749135197234999
10 67 0.79924861723151
10 69 0.7449891098668382
10 70 0.33953863503327053
10 71 0.128140664403239
10 72 0.1733367545548048
10 74 0.14586957751819374
10 75 0.4482141702056007
10 77 0.6767111767047386
10 78 0.9655978549857365
10 80 0.08441369779774455
10 84 0.22103068132551096
10 85 0.9746235761920183
10 88 0.9554501769412439
10 90 0.5610070551213858
10 91 0.16572160132699265
10 93 0.15682767376843265
10 94 0.5781120036295873
10 96 0.08482061343278102
10 97 0.2213835283189023
10 98 0.27431073118714844
10 100 0.4128914442895525
11 15 0.3156729086931438
11 24 0.7868389234662299
11 25 0.986086170450217
11 27 0.43832070415113034
11 30 0.9113350070961809
11 35 0.4319049101193777
11 36 0.3367545667614278
11 41 0.4891273988334437
11 45 0.5417270577817108
11 51 0.5701112015137325
11 52 0.4458865383355284
11 65 0.4940575256518773
11 73 0.03697991215824725
11 74 0.33185162785694444
11 78 0.1706685999930465
11 84 0.6528155200024046
11 89 0.8486279183634698
11 93 0.8085494361236001
12 14 0.10515864146537346
12 18 0.08047408819928248
12 19 0.7486400259258642
12 28 0.9869669038618002
12 30 0.40758663650804505
12 35 0.7873057690971442
12 39 0.4573140951887661
12 41 0.8779905871059529
12 45 0.26965238193627694
12 50 0.0843346033303175
12 52 0.6439135361040165
12 55 0.6553506904242078
12 59 0.9490444417228002
12 61 0.7326163967574529
12 62 0.5613085447095394
12 63 0.7360198500126702
12 65 0.877521450411979
12 69 0.849663569381452
12 72 0.18282244696805072
12 74 0.47825577695493116
12 78 0.8218446539563835
12 84 0.27735809411196244
12 85 0.9751673049754909
12 94 0.6194057632867263
12 96 0.7029500113516055
12 97 0.25148718266469494
13 29 0.09492315223753656
13 42 0.5449312029831248
13 45 0.09513281761190373
13 47 0.5135586934850165
13 52 0.31248660204358136
13 55 0.509156018455344
13 63 0.5115518476311155
13 67 0.8475739776729451
13 74 0.7448586153862471
13 75 0.41767686093184153
13 79 0.9726862568222624
13 84 0.11122864480484751
13 89 0.2731374644306902
13 90 0.5092330666200441
13 91 0.8502132728506319
13 94 0.022953850415719956
13 98 0.8756821473895731
13 100 0.11929382357534024
14 17 0.4179306787665582
14 28 0.35938765146244767
14 33 0.48221266208217783
14 37 0.17142427646938851
14 41 0.9771016397444118
14 42 0.7745477279653284
14 50 0.39552538751105193
14 52 0.6859723803009052
14 55 0.11380096657007832
14 59 0.17562068280267118
14 62 0.474778747996649
14 65 0.5581155833628457
14 69 0.14504229846009942
14 74 0.43784181989667437
14 76 0.9949617894193038
14 84 0.6939546036482411
14 90 0.12980340588080408
14 93 0.5744392026551366
15 24 0.42996485782974503
15 30 0.8447863087260495
15 32 0.9663424160725194
15 33 0.08203709349224009
15 36 0.48489116138995236
15 43 0.09301824947374482
15 50 0.15489774130078948
15 51 0.9175751860344739
15 53 0.20733715352588566
15 55 0.8421309418490065
15 57 0.09483707894024629
15 58 0.895329224946896
15 65 0.35449619187864057
15 66 0.382057174422887
15 67 0.4116770434362671
15 71 0.18698545820150791
15 76 0.25461705742776064
15 78 0.5299811518993586
15 79 0.7528055330407749
15 84 0.6344117695198166
15 88 0.07319746709262442
15 91 0.6109551073541658
15 96 0.16632673559152367
16 20 0.7106147965259724
16 27 0.8719760744195182
16 32 0.7594866945732482
16 33 0.626078549234471
16 41 0.15903157259361045
16 42 0.15369494714542276
16 45 0.9240543148684552
16 48 0.5942079053591883
16 49 0.40515754705592066
16 50 0.14256883270451892
16 56 0.9873748065910325
16 58 0.20489729114194277
16 61 0.4165452168844014
16 65 0.008612109961674608
16 66 0.09051984523957379
16 73 0.41251289618857045
16 74 0.05222744792039247
16 76 0.049617522995267005
16 77 0.6926801694976414
16 84 0.06366914878546026
16 96 0.37277597196548273
17 18 0.13225697050417728
17 20 0.977062326055614
17 24 0.17347345630341848
17 25 0.6155271819031983
17 27 0.7091027781634015
17 34 0.29854114034832957
17 41 0.7891683041041335
17 48 0.22199973931591166
17 52 0.1563871140712837
17 58 0.12482236358776388
17 61 0.9808711593834943
17 64 0.6278692549292287
17 65 0.12889435983409436
17 67 0.15372340855813993
17 69 0.7512814118945386
17 74 0.0334502517472417
17 76 0.06283741147843491
17 77 0.4048050226854354
17 81 0.2839194309543124
17 84 0.8543735573726515
17 85 0.34250854531249053
17 87 0.17820749612550157
17 88 0.3247037467893089
17 89 0.81652096496923
17 94 0.1021297843731801
18 19 0.20551183349909263
18 26 0.3766975638282294
18 28 0.19652001605313996
18 36 0.1947585528946878
18 40 0.5343119400088443
18 45 0.42127736436513785
18 51 0.21928552398064238
18 52 0.7700918645413702
18 56 0.5486723235582364
18 57 0.2738023164427352
18 58 0.11476976680773032
18 66 0.005639343461920077
18 69 0.28020958966992404
18 73 0.9578120294152402
18 80 0.8958325301484186
18 85 0.9678285246259906
18 92 0.654685732606734
18 95 0.6995876030541899
18 96 0.8243795881256047
18 98 0.161087539596372
19 26 0.7478473720973894
19 49 0.6874677960166833
19 64 0.11507700832242052
19 68 0.1958137493092713
19 69 0.5502657608894727
19 74 0.9675270533998672
19 75 0.034356065512662126
19 77 0.8436715716258152
19 78 0.6482324248069765
19 81 0.7124870965657365
19 88 0.17025468701243285
19 90 0.9876466843602493
19 96 0.20200951557729718
20 26 0.8585859703663403
20 36 0.6820606438385913
20 38 0.2483605138280235
20 41 0.6048798461810506
20 45 0.34244941636569515
20 50 0.7685970200962772
20 55 0.4505849421585616
20 57 0.32815073728279975
20 77 0.600943996894798
20 78 0.11398846160778509
20 79 0.9887759678194494
20 84 0.8428014505385972
20 89 0.2521100351833231
20 90 0.7375506498871153
20 97 0.5719978541255838
20 100 0.8501348198609587
21 30 0.8274228253235744
21 32 0.1530131054005448
21 37 0.45002921198285084
21 42 0.3500406592028322
21 48 0.7878937818168542
21 50 0.28004021478413677
21 52 0.7094799812133068
21 55 0.6370373078505364
21 58 0.8090323994107778
21 60 0.7222250974482199
21 61 0.6288306709650305
21 69 0.21200982617364694
21 72 0.06460639248618594
21 88 0.4625047101228791
21 92 0.2171499980497711
21 98 0.759382975974448
22 24 0.27701543496586356
22 25 0.7455758382779079
22 28 0.43514395494701885
22 30 0.10775382589197613
22 31 0.20536835248152052
22 34 0.25312435125041144
22 38 0.020348192707419943
22 50 0.6074810518652378
22 52 0.6901585372142255
22 59 0.33416490127115317
22 61 0.6338744956682385
22 69 0.6459745790552871
22 74 0.36435918809064904
22 78 0.5132057797511359
22 79 0.0790753128252204
22 88 0.3660326226678061
22 89 0.0720804240012668
22 90 0.0786919331319823
22 94 0.5907680406355693
23 24 0.6063714878353074
23 28 0.06111391036162561
23 30 0.38100037176641754
23 41 0.6795617327048329
23 47 0.2768817922087592
23 49 0.221251096895826
23 52 0.1443148466615093
23 53 0.2768260270306574
23 54 0.4816741571183387
23 58 0.9897895612707474
23 60 0.6123971048275886
23 61 0.6191585639504559
23 62 0.6932170718357265
23 65 0.7130721619471393
23 68 0.8867170822672737
23 69 0.8688351175444157
23 71 0.9089024359486192
23 74 0.30632727929473236
23 75 0.31662666833588315
23 76 0.5711220871413432
23 78 0.8344665004862796
23 81 0.24539515347432062
23 84 0.6608163962563719
23 90 0.8287870127785435
24 25 0.09151302796591976
24 26 0.9347688452776437
24 28 0.7227627293118548
24 29 0.9387268666354545
24 30 0.315004306756271
24 31 0.5080264442575658
24 34 0.7992956150910445
24 35 0.6061234929822131
24 37 0.47030946629193227
24 38 0.8945528096942634
24 39 0.5822185709557173
24 40 0.37788289723821944
24 41 0.6898487444713887
24 42 0.39918323326127647
24 44 0.14160210307778887
24 45 0.28138473752296767
24 46 0.5454612847733077
24 48 0.36778674738604544
24 49 0.01090145175658519
24 50 0.14771946586820894
24 52 0.0692972971524849
24 54 0.13128982624415897
24 56 0.6364521940801763
24 58 0.8926460727818808
24 61 0.20900359952874115
24 62 0.4803009133329197
24 65 0.7006281021389807
24 66 0.659454619133768
24 67 0.23203525736770625
24 68 0.8795031874858006
24 70 0.7701581068553468
24 71 0.9800639019867419
24 74 0.449896253510915
24 76 0.669669027124493
24 77 0.5865056986435236
24 81 0.9647194909774341
24 84 0.243167953693204
24 85 0.10725241248181816
24 89 0.48096983506766244
24 90 0.13387731867876163
24 91 0.48911733026400606
24 92 0.7926648912116525
24 94 0.559815558552215
24 96 0.11647080098116713
24 97 0.334848656862354
24 98 0.06687001379048574
24 99 0.8506593853012606
25 30 0.933461979376171
25 41 0.18162675849862697
25 45 0.7522405171533116
25 51 0.6869202941411078
25 52 0.25666366681163943
25 57 0.06736423567901684
25 61 0.8842516704433299
25 62 0.7974884620295517
25 65 0.2551882938941692
25 74 0.765708944000412
25 78 0.2437111618902007
25 84 0.61459892679248
25 90 0.1613455891080986
25 100 0.42854634304154826
26 27 0.31743767277330237
26 35 0.8988521570712481
26 39 0.47782020302708594
26 42 0.86287371171131
26 45 0.6630322802443791
26 47 0.46151896043397445
26 52 0.7321654941111068
26 61 0.6323503674772881
26 64 0.4339522346290361
26 65 0.7550746708699452
26 66 0.610635429767273
26 69 0.0970888550836807
26 72 0.1590272184702305
26 77 0.2302981474962682
26 84 0.3679383240006533
26 87 0.5905939594061989
26 93 0.5656124478452346
26 94 0.2507760084907956
26 95 0.9565721474200931
26 99 0.9281516341512043
27 30 0.17254697703470012
27 41 0.9619634660859325
27 52 0.33596576679580226
27 62 0.5376018163460594
27 64 0.634157323275959
27 69 0.563516802708835
27 70 0.894394593136394
27 72 0.44894924913234413
27 73 0.48470274883545983
27 81 0.5947977604439646
27 85 0.2860771314940107
27 100 0.8568443761328105
28 29 0.4538732756686985
28 30 0.3640586784007729
28 31 0.3626924195552437
28 33 0.002327782914707144
28 39 0.7441311577584431
28 41 0.4856091634879095
28 42 0.5607851753143508
28 44 0.10531744996453563
28 50 0.1726808685512684
28 51 0.13504446787753743
28 55 0.1530578748897724
28 58 0.8560253534430049
28 59 0.12369166050754488
28 61 0.9330790148011164
28 63 0.24214910704035397
28 65 0.4960164792113415
28 67 0.009380797181282818
28 68 0.5933059099621093
28 74 0.9231294694817532
28 75 0.6374474854972637
28 76 0.7236038909947582
28 77 0.2844741025775952
28 78 0.9408102501905832
28 79 0.29610574029740766
28 81 0.2879707337546583
28 84 0.27318027492954766
28 87 0.04271093330190601
28 88 0.1815069244821449
28 90 0.14256932286224444
28 93 0.5563238205241932
29 36 0.00998687280416255
29 45 0.5489059100200171
29 47 0.6080218477373878
29 49 0.9858553935742546
29 55 0.9704588519005691
29 56 0.3812384868769947
29 59 0.494768301974309
29 60 0.14470391780661973
29 62 0.3674393668679502
29 64 0.05838921408567832
29 68 0.8640875048712933
29 72 0.9049402082485692
29 79 0.9012102621792875
29 84 0.15780905449687788
29 90 0.5040168663005438
29 91 0.3449989098440981
29 99 0.42106126994596704
29 100 0.14590870260938504
30 33 0.7824814140864322
30 34 0.4957501556759577
30 36 0.00260857981592566
30 37 0.9812463075385366
30 38 0.7016349468868345
30 39 0.7912105838334684
30 41 0.5638608270561377
30 42 0.7979276806199462
30 45 0.004205825189021017
30 46 0.4090439779088646
30 48 0.13048600931181664
30 49 0.27332759169486487
30 52 0.4863048219079378
30 53 0.5041966584592871
30 55 0.051826679347377946
30 56 0.3563644344584955
30 57 0.12466929005974259
30 58 0.42386159458424155
30 59 0.9183106093925801
30 61 0.1751713522823316
30 62 0.12128550825728401
30 64 0.42735341493062406
30 67 0.6895823550033979
30 68 0.08044472537454261
30 74 0.7303071453602433
30 76 0.16508359827190355
30 77 0.22628063092115402
30 81 0.8424599389816935
30 82 0.26488850425416643
30 84 0.9408235344745465
30 90 0.8715488496135515
30 92 0.21025701841101552
30 93 0.039531896350968876
30 95 0.7564319279326027
30 97 0.53917284761595
30 98 0.19181674994030573
30 100 0.562092831181536
31 36 0.8316337149699813
31 40 0.5275932287153011
31 41 0.1288194815872753
31 42 0.527240034054543
31 43 0.30452656540337875
31 44 0.6958345386331561
31 45 0.7808386964199717
31 48 0.3242964517119221
31 52 0.7570128227650674
31 53 0.47922652760057793
31 58 0.9657114232822184
31 61 0.11340017378947742
31 63 0.2863190450153067
31 65 0.3294528582483369
31 66 0.7259147825555416
31 67 0.48582950740540376
31 69 0.9173349941140918
31 71 0.10721602082495063
31 72 0.7769285928108495
31 73 0.23801269648010903
31 78 0.9074460436328807
31 84 0.26936420117092297
31 85 0.44340184313678443
31 88 0.7817557855463309
31 89 0.774399325812049
31 90 0.14703918864786436
32 39 0.3700530226539722
32 40 0.8887943103480127
32 52 0.5129771956744376
32 53 0.3313414831306155
32 57 0.6123762932820996
32 58 0.20457638503946773
32 65 0.6421011226071278
32 66 0.3214442571873112
32 69 0.08593001216944818
32 73 0.976297977746733
32 80 0.5093106078845235
32 85 0.8259586591928705
32 93 0.32211089663308545
32 99 0.8607587809970444
33 35 0.33406643724639407
33 41 0.43387202457279483
33 42 0.1900925440762119
33 45 0.6500559428892413
33 48 0.6783199831313038
33 49 0.31356781203458317
33 52 0.02547030921830451
33 62 0.5260328317990132
33 65 0.7845726754291344
33 67 0.8843333737182083
33 74 0.26774026233743464
33 80 0.8865411275612529
33 81 0.7784451718941475
33 83 0.3696372287839731
33 84 0.16223333981261157
33 85 0.3455684469612107
33 87 0.8651388256826198
33 88 0.28371066166463355
33 89 0.14991174648863026
33 99 0.39232184881656473
34 39 0.9464685757269563
34 41 0.3356341987309822
34 42 0.7918624874591615
34 43 0.8814565835556628
34 45 0.30022474275790945
34 46 0.55095282339911
34 49 0.20021806180131696
34 52 0.4972953130304911
34 54 0.5158575278167605
34 55 0.422884369725145
34 58 0.1447587304341773
34 64 0.6574019944200221
34 65 0.27657653080623135
34 67 0.9347105145190694
34 70 0.9097152202909095
34 74 0.8127467812984952
34 76 0.5702680433763401
34 83 0.7915825441776377
34 84 0.8599507710310107
34 90 0.4536494790959722
34 91 0.8250730980576706
34 92 0.01914240136498757
34 94 0.07683488005228833
34 95 0.15842107069999534
34 97 0.11729414308621877
34 98 0.6267720460574502
34 99 0.8213705664007204
35 38 0.8488876008599914
35 42 0.6698169300686089
35 46 0.5125305975243342
35 55 0.7571750700471678
35 58 0.6595467297314154
35 66 0.6811705081680466
35 71 0.6054541982984124
35 72 0.02037519285705469
35 74 0.9305297245136082
35 79 0.3118646947196668
35 82 0.43400850605345
35 84 0.32545212289601466
35 87 0.02301656626263915
35 94 0.3400894797599303
35 95 0.7168705616524558
36 37 0.025773404556007073
36 42 0.31699464316723835
36 57 0.17296482539078506
36 58 0.810177268610269
36 61 0.5340129511967762
36 62 0.9437634335673449
36 64 0.6336577742777033
36 65 0.5863751199045178
36 67 0.5443154473692036
36 80 0.00930671080852874
36 81 0.46996412984334557
36 82 0.03546098416923327
36 85 0.804806528262481
36 88 0.770591399153388
36 90 0.0025636913546778217
36 91 0.6003853538736446
36 92 0.13501226209349204
37 39 0.6481223338034864
37 41 0.4806790109136253
37 48 0.9805953414985051
37 49 0.5124995060988143
37 50 0.8518749498707205
37 52 0.1489829999908191
37 53 0.432698930121842
37 54 0.28314181448998044
37 55 0.6216441958451401
37 61 0.7661230299686048
37 65 0.40826494906207733
37 69 0.175402263390249
37 73 0.2559108636859092
37 74 0.25760078983860235
37 88 0.2181441049031252
37 89 0.49369023080305086
38 41 0.19659824638593248
38 42 0.41440032255821946
38 43 0.1997848754502234
38 44 0.9718451172059669
38 48 0.9135862819211017
38 52 0.4232435837917764
38 60 0.21335857617802412
38 61 0.7988323985084321
38 65 0.8367727162171378
38 68 0.1781976871786275
38 74 0.3069912594465909
38 75 0.9679628145762456
38 83 0.6659934858310278
38 84 0.13180651510019048
38 88 0.7358539510800836
38 92 0.37827531742558484
38 95 0.5065270428349444
38 99 0.9738994519302049
39 41 0.6110950440932272
39 48 0.16953811969858146
39 52 0.6066616198863235
39 53 0.36035340813982386
39 54 0.03931326754085218
39 55 0.7145764931640132
39 75 0.6223363104826805
39 77 0.004410449687280216
40 45 0.1880860217582625
40 48 0.37705229839423526
40 60 0.2562980860416948
40 64 0.574168058519454
40 65 0.566854611079247
40 67 0.009804615840288577
40 74 0.8075352526698261
40 80 0.7996563550258224
40 87 0.927298629606825
40 90 0.07724324596739807
40 98 0.25936383142760855
40 99 0.3911048931377674
41 42 0.6070284359817794
41 43 0.0850107616113529
41 44 0.9722492666690904
41 45 0.7873591981998412
41 47 0.57462334440706
41 48 0.581924008322912
41 51 0.1752453823131409
41 52 0.16295687009895765
41 54 0.550830782832968
41 55 0.018335136113834638
41 56 0.1763278860261397
41 58 0.9056736031027949
41 59 0.010144918733071662
41 61 0.6563616485230888
41 63 0.8028069839224607
41 65 0.4176929975257372
41 69 0.02628521845123799
41 70 0.8058782678290541
41 72 0.6357792423354814
41 73 0.029086778767003385
41 74 0.8530110820063018
41 76 0.920760714264227
41 82 0.6446861576401073
41 84 0.9213990196493171
41 89 0.5644599581542568
41 90 0.5151398087189152
41 93 0.3841296942531257
41 94 0.6501677543034667
41 98 0.26153437417091097
41 100 0.944734173274831
42 43 0.6389428103004549
42 46 0.04927641421519957
42 47 0.7491914198809921
42 50 0.6875925427528021
42 52 0.40975217370844985
42 54 0.574396911698432
42 65 0.08013169029529055
42 72 0.24442084405474085
42 73 0.39702640702031733
42 74 0.6008119780048747
42 75 0.10725680526803771
42 82 0.8017893689707492
42 83 0.3816281646872952
42 84 0.44278148599126943
42 85 0.9855368424330988
42 91 0.33644978408523707
42 98 0.16103434445490816
42 99 0.5288784430336656
43 47 0.9893578954011023
43 55 0.06232293687146684
43 60 0.8349460617657014
43 61 0.33584339731903246
43 65 0.5031080231013012
43 68 0.7982745180941259
43 69 0.6714872399548798
43 73 0.3857069277376288
43 74 0.10921863164909618
43 77 0.8514829633064079
43 83 0.6935500935837382
43 90 0.61977664286518
43 91 0.9981309227113223
43 92 0.5591252651886354
43 98 0.0490036397629221
43 99 0.4915330579999142
44 48 0.8427021290797333
44 55 0.7355286976164336
44 61 0.6156084779402586
44 63 0.9356975066627072
44 78 0.7404358431477533
44 85 0.7797863778590222
44 90 0.299748820868587
44 91 0.9240360724628782
44 92 0.9180643181049217
44 94 0.11099117195597152
44 97 0.5931439701613093
45 47 0.24153721180001753
45 49 0.713157769658623
45 50 0.39103504187024374
45 51 0.37599408241437127
45 52 0.34937245991637633
45 55 0.3096510474843036
45 57 0.39862632551344346
45 58 0.2403560426854211
45 59 0.7508268151392933
45 60 0.23481530079385382
45 61 0.9916115416144533
45 63 0.8816391350279156
45 65 0.8655170715648718
45 67 0.023512926516393695
45 69 0.13715011085354167
45 73 0.09475648443215579
45 75 0.058800511521503784
45 76 0.5905306160239068
45 77 0.8816146967198821
45 80 0.4593665470730969
45 83 0.5374827015640925
45 84 0.9775995143136739
45 85 0.713750674622571
45 87 0.1258414583567441
45 88 0.4196403977522739
45 89 0.6402615497880164
45 92 0.5320898143274224
45 96 0.943733027726425
45 97 0.28350094992032004
45 98 0.03999389422233057
46 52 0.9398367715518672
46 54 0.6668567480775379
46 61 0.0652373717371394
46 62 0.9006821186493359
46 63 0.30204851611488304
46 65 0.33511984554766905
46 69 0.9267260251661761
46 75 0.22330297293086554
46 79 0.9780290361746297
46 84 0.5431339416294324
46 85 0.439063734699501
46 90 0.8504845189409108
46 94 0.40111970065622105
46 99 0.37755644308030156
47 54 0.33219535190145744
47 56 0.24456352573469176
47 57 0.708744668636405
47 60 0.7295725669131325
47 62 0.6704583276140658
47 64 0.6939931517821455
47 65 0.9411143989609346
47 68 0.1652869232276306
47 71 0.042462116454644816
47 72 0.9351836023417239
47 73 0.1936477806322312
47 74 0.7450402143335463
47 83 0.08557299218874892
47 84 0.9908874569506331
47 91 0.5467366058390006
48 50 0.4560009859407095
48 56 0.5884001447276145
48 65 0.13521763676297482
48 72 0.6522907292003037
48 79 0.780688395159719
48 85 0.3485968224710645
48 89 0.7536354986215538
48 90 0.3567426200458621
48 98 0.8377787029395043
48 100 0.26672421402728796
49 51 0.26096870360226854
49 58 0.0017657755241399231
49 65 0.8607697638057233
49 67 0.24143152456064598
49 68 0.9137969766526716
49 69 0.008112432939358594
49 74 0.29230764858975433
49 76 0.7435603119860035
49 78 0.7447817502690908
49 84 0.6860687874002321
49 89 0.5968668866002934
49 93 0.5220146337889198
49 95 0.2892132358543814
50 52 0.8515316315670306
50 56 0.8813514455869323
50 62 0.9268360417841591
50 65 0.462015015702968
50 69 0.47638689375379095
50 74 0.9412039193989673
50 77 0.8286738553721722
50 78 0.9458550747784743
50 81 0.4920317864419035
50 84 0.3437156780339172
50 87 0.10455876903421124
50 90 0.4658290801982601
50 97 0.7841283833804883
50 98 0.9537337586144808
50 100 0.05115447611312596
51 55 0.2527303232564626
51 67 0.6806498723505446
51 68 0.6788389616801294
51 69 0.8332986683577764
51 73 0.22075009612617624
51 75 0.0866102691677405
51 87 0.9066465635152783
51 88 0.20782207629601557
51 91 0.26600547032132926
51 98 0.354800492858277
52 53 0.2705999650560017
52 54 0.14894463113413026
52 55 0.9150761745860779
52 56 0.3370216422074207
52 58 0.5202851806308793
52 59 0.710020950790345
52 60 0.9549561614037376
52 61 0.9648407488066566
52 65 0.5159866469208492
52 68 0.8716752766231853
52 69 0.16360392928016698
52 70 0.37913281743564464
52 72 0.12739228575460293
52 74 0.17913494519359296
52 76 0.43622166937344165
52 77 0.9665847583011662
52 78 0.48048014480642454
52 80 0.6026561924397684
52 83 0.7323695898614605
52 84 0.8153940803583425
52 85 0.1971957470340978
52 89 0.9567070825509815
52 90 0.15686251649503768
52 91 0.44685294666007824
52 92 0.4321675728813533
52 94 0.7860061804061702
52 95 0.8916046168752083
52 97 0.4441514712228193
52 98 0.06255740435871582
52 100 0.058861411787336504
53 54 0.939941966924944
53 58 0.18466350636935958
53 61 0.4583476384730435
53 62 0.6054399170004708
53 64 0.05544395328051688
53 66 0.2306066272444136
53 74 0.6615526691874664
53 84 0.686270788779701
53 85 0.5997951691505746
53 88 0.3140547341026123
53 89 0.8672058289472337
53 90 0.5270917101968914
53 94 0.6818532205057788
53 97 0.627228852457643
54 60 0.24720951154681203
54 61 0.9890267949968667
54 65 0.11933217471430158
54 73 0.34598809119348184
54 74 0.4719618855700226
54 77 0.5326895759334443
54 78 0.5533232758286502
54 83 0.2790690842051522
54 85 0.5012751168790666
54 89 0.15970997654181185
54 90 0.9161250968714147
54 92 0.23971190397372932
54 94 0.5568618871325244
54 99 0.5665858331621726
54 100 0.7978563784341236
55 56 0.6365976452858673
55 59 0.7536075031164726
55 60 0.6006225158730469
55 62 0.5762025396507225
55 64 0.6150768454221471
55 67 0.0968961851984339
55 73 0.3580933202854881
55 74 0.7253837189717277
55 77 0.985165573674544
55 78 0.5346035649684374
55 80 0.9706894998266098
55 82 0.3109261449938058
55 84 0.3109576718071867
55 88 0.9090333522432651
55 92 0.4812512812673708
55 95 0.14517785274332728
55 98 0.3458143708572893
56 65 0.2460607204987053
56 69 0.34313512062181095
56 76 0.23364455939611894
56 77 0.36387854978701206
56 81 0.02693610831905935
57 58 0.48876398853867264
57 61 0.0651240804865354
57 72 0.22381263778222893
57 74 0.5178202368609092
57 79 0.3997846036010472
57 97 0.8292286098002302
58 61 0.5650579568218698
58 66 0.5267421941771159
58 69 0.2493844035094056
58 70 0.8363338069097886
58 77 0.9168687539641094
58 82 0.6118640092251498
58 85 0.1418178611347275
58 90 0.7368405715785136
58 91 0.5240337831634552
58 92 0.5804519842629579
58 97 0.6265145749950091
58 98 0.7496492534257968
58 100 0.06829533038299518
59 66 0.5275467298958664
59 72 0.23772164626937042
59 91 0.2997207031907486
59 94 0.3723686392171577
59 100 0.15998095936639267
60 65 0.12086783758778019
60 67 0.8560113044758336
60 73 0.10033274886995736
60 90 0.19183769872699774
60 96 0.5224832654807772
61 62 0.4264887748617432
61 63 0.12892775729742278
61 65 0.8036928728428989
61 69 0.19524853730676994
61 72 0.11068916213198432
61 74 0.7115015031950929
61 76 0.5933241177941182
61 80 0.4864221143106161
61 84 0.25308207262004523
61 87 0.044360022215482076
61 89 0.1107112801917991
61 94 0.6349989266912553
61 96 0.1877664231414864
62 67 0.28437343454912123
62 69 0.07881849208700786
62 73 0.29738526177014024
62 74 0.7133733390498564
62 78 0.7086753071797653
62 84 0.6769846968348933
62 90 0.23449726589089992
62 91 0.5364608588966775
62 93 0.873388688529961
62 94 0.5412367709462177
62 95 0.6462543131869395
62 96 0.498191453688429
62 98 0.3301312076912143
63 77 0.8417939988683681
63 78 0.05159766366167717
63 84 0.9294578060078643
63 93 0.5011627554078082
63 94 0.31621369804402755
64 67 0.3828186607956531
64 69 0.8178511534762294
64 70 0.26377597379844075
64 74 0.1906437195248356
64 82 0.11294552247112888
64 90 0.7287017137632724
64 97 0.7842818839052045
65 68 0.15170648731941005
65 69 0.8014958194414608
65 70 0.7566593715962863
65 74 0.18581610149289318
65 75 0.08901449447793586
65 76 0.504045413822282
65 77 0.10720902410443212
65 78 0.22161290658186406
65 79 0.8720094703987935
65 80 0.24619136515112283
65 82 0.15794477389810158
65 83 0.2888639924305938
65 84 0.7957266032980813
65 86 0.2851216572147808
65 87 0.6826517856936458
65 88 0.0578006691824382
65 91 0.49372752167182343
65 94 0.3677493159310785
65 95 0.8448740110191325
65 96 0.9549764308929578
65 97 0.7354813355687778
65 98 0.214315682108419
65 99 0.9433857495007882
65 100 0.3172857259609221
66 69 0.5343821044298347
66 73 0.006967036541562166
66 74 0.5902840159430519
66 76 0.18872107774213698
66 82 0.6976775832367519
66 90 0.18896810700626998
66 97 0.5868195573020262
67 68 0.26663443273143184
67 73 0.33846029162460745
67 76 0.24405467889190657
67 78 0.5788646854329565
67 80 0.9735032784928335
67 81 0.6054003104120125
67 83 0.30630383470519895
67 84 0.39266542675794647
67 85 0.7565895794145745
67 87 0.903343270412086
67 90 0.4647729432921739
67 97 0.7551638502341985
68 70 0.13145059547331428
68 75 0.6241926449747388
68 76 0.3630750348549595
68 77 0.19228194355144557
68 81 0.6231930128931961
68 84 0.7223504323539847
68 85 0.939697113685945
68 88 0.38074857935036455
68 90 0.6620311639844874
68 95 0.07894552804707133
68 97 0.8913924128155001
69 71 0.8745497855139243
69 74 0.06480209218071242
69 76 0.3779242042412738
69 77 0.6059716554733501
69 79 0.8132021777316062
69 83 0.9047910217225185
69 84 0.046109069900506006
69 86 0.24857300688491968
69 89 0.8298760538048823
69 90 0.5838597697342672
69 91 0.2540676669278117
69 92 0.4278660377223018
69 94 0.13100270603422903
69 96 0.028001984170739513
69 97 0.49768658380433295
69 99 0.06341531187017502
70 74 0.596838080556113
70 78 0.5505580563804762
70 84 0.9884094705667279
71 72 0.5384606540230953
71 73 0.6442832338958231
71 74 0.27792916745270635
71 84 0.36986666219526987
71 92 0.5243574536095987
71 93 0.9038352098650908
71 99 0.35374770611475215
71 100 0.3806156492570638
72 74 0.03479867486453936
72 76 0.9764376858833825
72 81 0.7351524089158594
72 87 0.36184411422927876
72 95 0.8439327972153159
73 74 0.5762754700346369
73 76 0.6744519193543225
73 78 0.708206083228367
73 84 0.61289277075567
73 91 0.25725967653451476
73 93 0.10571342048383559
73 97 0.10093999549373889
73 98 0.17652694784043232
73 99 0.1873701900545226
73 100 0.47331740814732315
74 75 0.39470137060421184
74 76 0.07182352298139016
74 82 0.17278381076473281
74 84 0.32984069806350014
74 85 0.25543828729413176
74 87 0.15201599843281755
74 88 0.0779378216114246
74 89 0.9920338164280276
74 90 0.004478583597322894
74 91 0.055527164808662155
74 98 0.0647313811177821
74 99 0.8470925869463676
74 100 0.15648686218587537
75 77 0.6867159613889264
75 84 0.9658281758988957
76 77 0.10483549516992152
76 78 0.46420056744675997
76 82 0.6736491066687355
76 84 0.8013211280642604
76 85 0.7092686176160944
76 90 0.9641770699064073
76 91 0.5469357488325439
76 92 0.009822931910719146
76 100 0.8571926951877965
77 89 0.9346920343063371
77 90 0.2852892023010569
77 98 0.5163793188210691
77 99 0.6957786898613917
78 79 0.489612158385038
78 84 0.12319492707480251
78 88 0.9836507264605476
78 90 0.32098952578852835
78 92 0.9518141287627297
78 93 0.7268955061926293
78 97 0.7889136069047102
79 81 0.9082011783213467
79 82 0.45033143681816457
79 85 0.9980255698645173
79 90 0.3622596001661642
79 92 0.5636688076814045
79 95 0.36306666737743976
79 98 0.9647494289885828
79 99 0.8759681935509731
80 81 0.6384655784614938
80 88 0.29331577522563745
80 90 0.9499902006760544
80 94 0.5686709997907888
80 96 0.40493384017004896
80 97 0.04533522500191578
81 90 0.4437899660929959
81 93 0.4652751769454556
81 96 0.08336440649313936
82 84 0.25223279941498966
82 90 0.7010503624899376
82 96 0.24572866479113342
82 99 0.24296601194968315
82 100 0.13225382362241533
83 84 0.8441325123170137
83 89 0.996793371904207
83 92 0.0021966933158462654
84 88 0.2276770346847542
84 89 0.08140739568640609
84 90 0.31511159144680234
84 91 0.3115409799067156
84 92 0.32595556637231626
84 93 0.7916857863281228
84 94 0.8644960102912367
84 98 0.1481906386410723
85 93 0.14252014342606867
85 98 0.16173695191646675
87 88 0.8025322899602474
87 89 0.379507248428688
87 90 0.039027665107672305
87 93 0.04284006489531955
88 90 0.8005900371073238
88 91 0.027953559621015533
88 92 0.2833968483610261
88 93 0.4259948023185609
88 99 0.32745099203809835
88 100 0.837303339774177
89 90 0.6490235260491062
89 91 0.0770393302666672
89 94 0.16600660193875827
89 98 0.3442334368908926
89 100 0.08496424124952584
90 92 0.7372261297477005
90 93 0.7941966564746074
90 94 0.7555731969840246
90 97 0.232115925466998
90 98 0.3291191912178507
90 100 0.8902377550206471
92 96 0.5304932682824304
93 94 0.09584765949413865
93 99 0.7029415910790838
94 95 0.6416307712881509
94 99 0.6837009027710035
96 97 0.76484548160742
96 98 0.9835740366637976
96 100 0.9970828614372967
97 99 0.4459554943423154
